2.449999999999999921e-03
2.579999999999999828e-03
2.939999999999999905e-03
2.569999999999999802e-03
2.629999999999999959e-03
2.860000000000000129e-03
2.670000000000000064e-03
2.619999999999999933e-03
2.629999999999999959e-03
2.629999999999999959e-03
2.500000000000000052e-03
2.249999999999999830e-03
2.390000000000000197e-03
2.500000000000000052e-03
2.279999999999999909e-03
2.589999999999999854e-03
2.569999999999999802e-03
2.520000000000000104e-03
2.330000000000000040e-03
2.670000000000000064e-03
2.680000000000000090e-03
2.749999999999999840e-03
2.700000000000000143e-03
2.899999999999999800e-03
3.320000000000000034e-03
3.220000000000000206e-03
3.459999999999999968e-03
3.409999999999999837e-03
3.720000000000000216e-03
4.080000000000000293e-03
3.959999999999999978e-03
4.250000000000000305e-03
4.270000000000000358e-03
4.499999999999999660e-03
5.069999999999999854e-03
5.100000000000000366e-03
5.749999999999999903e-03
5.669999999999999693e-03
6.230000000000000294e-03
6.289999999999999584e-03
6.539999999999999807e-03
7.210000000000000263e-03
7.029999999999999791e-03
7.660000000000000142e-03
7.660000000000000142e-03
8.259999999999999981e-03
8.189999999999999364e-03
8.439999999999999586e-03
8.909999999999999518e-03
9.079999999999999530e-03
9.360000000000000264e-03
9.520000000000000684e-03
9.660000000000000184e-03
9.660000000000000184e-03
9.469999999999999252e-03
9.480000000000000579e-03
9.469999999999999252e-03
9.270000000000000462e-03
9.230000000000000357e-03
8.680000000000000215e-03
8.930000000000000437e-03
8.399999999999999481e-03
7.929999999999999549e-03
7.740000000000000352e-03
7.440000000000000432e-03
6.779999999999999569e-03
6.559999999999999859e-03
6.150000000000000085e-03
6.069999999999999875e-03
5.640000000000000048e-03
5.170000000000000116e-03
5.029999999999999749e-03
4.510000000000000120e-03
4.340000000000000108e-03
4.259999999999999898e-03
3.980000000000000031e-03
3.670000000000000085e-03
3.459999999999999968e-03
3.459999999999999968e-03
3.030000000000000141e-03
3.150000000000000022e-03
2.880000000000000181e-03
2.739999999999999814e-03
2.540000000000000157e-03
2.629999999999999959e-03
2.370000000000000145e-03
2.220000000000000185e-03
2.360000000000000119e-03
2.089999999999999844e-03
2.150000000000000001e-03
2.010000000000000068e-03
2.050000000000000173e-03
2.119999999999999923e-03
1.959999999999999937e-03
1.879999999999999944e-03
2.020000000000000094e-03
2.180000000000000080e-03
2.000000000000000042e-03
2.050000000000000173e-03
1.799999999999999951e-03
2.109999999999999896e-03
2.660000000000000038e-03
2.870000000000000155e-03
2.660000000000000038e-03
4.429999999999999910e-03
5.610000000000000403e-03
6.749999999999999924e-03
