4.487430414253754281e-04
9.111619385106747328e-04
5.228713323300819560e-03
3.349542985867175193e-02
1.292070130024002284e-01
3.073218728323057758e-01
4.376303026911934624e-01
4.274295282512533545e-01
3.646272111304066366e-01
3.141246383451019031e-01
2.943852218881650717e-01
3.093898950443385032e-01
3.348974741262250587e-01
3.482198109191683155e-01
3.463314478796413187e-01
3.360342890217202227e-01
3.272642662106113320e-01
3.261999655759446060e-01
3.311612030380934879e-01
3.359740509171117995e-01
3.350958453846537011e-01
3.335689723836208209e-01
3.335585433063307792e-01
3.335597587152076549e-01
3.335597782243301390e-01
3.335597763877438671e-01
3.335597763533196813e-01
3.335597763560215756e-01
3.335597763560808060e-01
3.335597763560767537e-01
3.335597763560767537e-01
3.335597763560767537e-01
3.335597763560767537e-01
3.335597763560768092e-01
3.335597763560768647e-01
3.335597763560768092e-01
3.335597763560769202e-01
3.335597763560769202e-01
3.335597763560769202e-01
3.335597763560767537e-01
3.335597763560768647e-01
3.335597763560769202e-01
3.335597763560768092e-01
3.335597763560769202e-01
3.335597763560767537e-01
3.335597763560769202e-01
3.335597763560767537e-01
3.335597763560769202e-01
3.335597763560767537e-01
3.335597763560769757e-01
3.335597763560768647e-01
3.335597763560769202e-01
3.335597763560768092e-01
3.335597763560768092e-01
3.335597763560768647e-01
3.335597763560769202e-01
3.335597763560768092e-01
3.335597763560769202e-01
3.335597763560767537e-01
3.335597763560768647e-01
