-2.102062126822903335e-03
-3.471194985003092908e-03
-1.135896723335154748e-02
-3.581324078191310684e-02
-7.477156769304250938e-02
-1.046130706586817227e-01
-1.046464742534158748e-01
-9.073289602572252865e-02
-7.791061217648030668e-02
-6.974670891815469564e-02
-6.939810346126133733e-02
-7.487288682114498495e-02
-8.008537123209472086e-02
-8.171545727318556274e-02
-8.038742687322480984e-02
-7.787687616687624659e-02
-7.625090005320135644e-02
-7.654291665444139248e-02
-7.777982615489482943e-02
-7.873417260635376391e-02
-7.796862383415223419e-02
-7.802692820669625273e-02
-7.803278694659308845e-02
-7.803277323039478630e-02
-7.803276415601702320e-02
-7.803276407764511702e-02
-7.803276409066212116e-02
-7.803276409090104115e-02
-7.803276409088331922e-02
-7.803276409088284737e-02
-7.803276409088288901e-02
-7.803276409088287513e-02
-7.803276409088287513e-02
-7.803276409088287513e-02
-7.803276409088287513e-02
-7.803276409088287513e-02
-7.803276409088284737e-02
-7.803276409088287513e-02
-7.803276409088288901e-02
-7.803276409088284737e-02
-7.803276409088287513e-02
-7.803276409088288901e-02
-7.803276409088288901e-02
-7.803276409088288901e-02
-7.803276409088287513e-02
-7.803276409088287513e-02
-7.803276409088284737e-02
-7.803276409088287513e-02
-7.803276409088284737e-02
-7.803276409088288901e-02
-7.803276409088287513e-02
-7.803276409088287513e-02
-7.803276409088284737e-02
-7.803276409088287513e-02
-7.803276409088284737e-02
-7.803276409088288901e-02
-7.803276409088288901e-02
-7.803276409088287513e-02
-7.803276409088288901e-02
-7.803276409088288901e-02
