-9.020000000000000240e-04
2.809999999999999998e-03
1.699999999999999905e-03
1.750000000000000036e-03
6.999999999999999895e-06
3.099999999999999891e-03
4.360000000000000160e-03
1.369999999999999907e-03
1.799999999999999951e-03
4.449999999999999963e-03
1.569999999999999998e-03
-4.569999999999999952e-04
5.300000000000000024e-03
4.320000000000000055e-03
1.660000000000000017e-03
7.440000000000000432e-03
1.115000000000000019e-02
8.850000000000000228e-03
6.349999999999999742e-03
1.422000000000000000e-02
1.580000000000000154e-02
1.797999999999999945e-02
1.918999999999999873e-02
1.872000000000000053e-02
3.255999999999999867e-02
3.477999999999999842e-02
3.579999999999999849e-02
4.272000000000000103e-02
4.963999999999999663e-02
5.827999999999999847e-02
6.429999999999999605e-02
6.544999999999999429e-02
7.399999999999999634e-02
8.916000000000000314e-02
1.030299999999999966e-01
1.224500000000000033e-01
1.322200000000000042e-01
1.451999999999999957e-01
1.702799999999999869e-01
1.844300000000000106e-01
2.026300000000000046e-01
2.295200000000000018e-01
2.551800000000000179e-01
2.774699999999999944e-01
3.005700000000000038e-01
3.216600000000000015e-01
3.458200000000000163e-01
3.691300000000000137e-01
4.096099999999999741e-01
4.259100000000000108e-01
4.466200000000000170e-01
4.688899999999999735e-01
4.772299999999999875e-01
4.816500000000000226e-01
4.912099999999999800e-01
4.629300000000000082e-01
4.773700000000000165e-01
4.404399999999999982e-01
4.325800000000000201e-01
3.850500000000000034e-01
3.962700000000000111e-01
3.640200000000000102e-01
3.274500000000000188e-01
3.091200000000000059e-01
2.796000000000000152e-01
2.442600000000000049e-01
2.264700000000000046e-01
2.048000000000000098e-01
1.908600000000000019e-01
1.660800000000000054e-01
1.533700000000000063e-01
1.363600000000000090e-01
1.176399999999999946e-01
1.102400000000000047e-01
1.027200000000000057e-01
9.003999999999999504e-02
7.467999999999999639e-02
6.755999999999999506e-02
6.267000000000000348e-02
4.510000000000000120e-02
5.004000000000000115e-02
4.436999999999999972e-02
3.830999999999999683e-02
3.053000000000000158e-02
3.116000000000000020e-02
2.274999999999999939e-02
1.901999999999999871e-02
2.147999999999999909e-02
1.640000000000000138e-02
1.671999999999999875e-02
1.106000000000000039e-02
1.412000000000000061e-02
1.361000000000000057e-02
8.070000000000000784e-03
4.290000000000000410e-03
7.929999999999999549e-03
7.219999999999999855e-03
4.799999999999999580e-03
5.790000000000000008e-03
2.649999999999999903e-04
1.699999999999999905e-03
6.640000000000000069e-03
5.570000000000000298e-03
2.629999999999999959e-03
9.100000000000000450e-03
8.609999999999999598e-03
6.150000000000000085e-03
