5.928009876380318935e-04
1.067627641613114230e-03
1.857088829264628982e-03
2.899385318584353759e-03
4.666089618103760883e-03
7.651855486535269479e-03
1.226997647730510357e-02
2.027904795587943954e-02
3.385546408739213003e-02
5.653048928403629769e-02
9.302478328677526997e-02
1.459146057786377682e-01
2.149513434564784553e-01
2.951072313853548845e-01
3.792376980286982224e-01
4.568697255755239661e-01
4.982827722486701805e-01
4.736303465660065548e-01
3.965373747118538517e-01
3.054694145588996435e-01
2.201638935541994357e-01
1.467401352027142836e-01
9.064388059096849248e-02
5.273189454773179186e-02
3.015867970206928886e-02
1.801758317103917609e-02
1.136660677554473045e-02
7.716959928098352309e-03
5.345810297590485559e-03
3.521595812757191604e-03
2.350682460990786982e-03
1.414804406549414985e-03
