-4.000000000000000000e+00
-3.924999999999999822e+00
-3.850000000000000089e+00
-3.774999999999999911e+00
-3.700000000000000178e+00
-3.625000000000000000e+00
-3.549999999999999822e+00
-3.475000000000000089e+00
-3.399999999999999911e+00
-3.325000000000000178e+00
-3.250000000000000000e+00
-3.174999999999999822e+00
-3.100000000000000089e+00
-3.024999999999999911e+00
-2.950000000000000178e+00
-2.875000000000000000e+00
-2.799999999999999822e+00
-2.725000000000000089e+00
-2.649999999999999911e+00
-2.575000000000000178e+00
-2.500000000000000000e+00
-2.424999999999999822e+00
-2.350000000000000089e+00
-2.274999999999999911e+00
-2.200000000000000178e+00
-2.125000000000000000e+00
-2.049999999999999822e+00
-1.975000000000000089e+00
-1.899999999999999911e+00
-1.824999999999999956e+00
-1.750000000000000000e+00
-1.675000000000000044e+00
-1.600000000000000089e+00
-1.524999999999999911e+00
-1.449999999999999956e+00
-1.375000000000000000e+00
-1.300000000000000044e+00
-1.225000000000000089e+00
-1.149999999999999911e+00
-1.074999999999999956e+00
-1.000000000000000000e+00
-9.250000000000000444e-01
-8.499999999999999778e-01
-7.750000000000000222e-01
-6.999999999999999556e-01
-6.250000000000000000e-01
-5.500000000000000444e-01
-4.749999999999999778e-01
-4.000000000000000222e-01
-3.250000000000000111e-01
-2.500000000000000000e-01
-1.749999999999999889e-01
-1.000000000000000056e-01
-2.500000000000000139e-02
5.000000000000000278e-02
1.250000000000000000e-01
2.000000000000000111e-01
2.750000000000000222e-01
3.499999999999999778e-01
4.249999999999999889e-01
5.000000000000000000e-01
5.749999999999999556e-01
6.500000000000000222e-01
7.249999999999999778e-01
8.000000000000000444e-01
8.750000000000000000e-01
9.499999999999999556e-01
1.024999999999999911e+00
1.100000000000000089e+00
1.175000000000000044e+00
1.250000000000000000e+00
1.324999999999999956e+00
1.399999999999999911e+00
1.475000000000000089e+00
1.550000000000000044e+00
1.625000000000000000e+00
1.699999999999999956e+00
1.774999999999999911e+00
1.850000000000000089e+00
1.925000000000000044e+00
2.000000000000000000e+00
2.075000000000000178e+00
2.149999999999999911e+00
2.225000000000000089e+00
2.299999999999999822e+00
2.375000000000000000e+00
2.450000000000000178e+00
2.524999999999999911e+00
2.600000000000000089e+00
2.674999999999999822e+00
2.750000000000000000e+00
2.825000000000000178e+00
2.899999999999999911e+00
2.975000000000000089e+00
3.049999999999999822e+00
3.125000000000000000e+00
3.200000000000000178e+00
3.274999999999999911e+00
3.350000000000000089e+00
3.424999999999999822e+00
3.500000000000000000e+00
3.575000000000000178e+00
3.649999999999999911e+00
3.725000000000000089e+00
3.799999999999999822e+00
3.875000000000000000e+00
3.950000000000000178e+00
